0100 1000 0110 0101 0110 1100 0110 1100 
0110 1111 0010 0000 0010 1011 1011 0111  
1011 1001 0011 0110 0011 0010 0001 0001 
0100 1000 0110 0101 0110 1100 0110 1100  
0110 1111 0010 0000 0010 1011 1011 0111  
1011 1001 0011 0110 0011 0010 0001 0001 
0100 1000 0110 0101 0110 1100 0110 1100  
0110 1111 0010 0000 0010 1011 1011 0111  
0100 1000 0110 0101 0110 1100 0110 1100 
0110 1111 0010 0000 0010 1011 1011 0111  
1011 1001 0011 0110 0011 0010 0001 0001 
0100 1000 0110 0101 0110 1100 0110 1100  
0110 1111 0010 0000 0010 1011 1011 0111  
1011 1001 0011 0110 0011 0010 0001 0001 
0100 1000 0110 0101 0110 1100 0110 1100  
0110 1111 0010 0000 0010 1011 1011 0111  
0100 1000 0110 0101 0110 1100 0110 1100 
0110 1111 0010 0000 0010 1011 1011 0111  
1011 1001 0011 0110 0011 0010 0001 0001 
0100 1000 0110 0101 0110 1100 0110 1100  
0110 1111 0010 0000 0010 1011 1011 0111  
1011 1001 0011 0110 0011 0010 0001 0001 
0100 1000 0110 0101 0110 1100 0110 1100  
0110 1111 0010 0000 0010 1011 1011 0111  
0100 1000 0110 0101 0110 1100 0110 1100 
0110 1111 0010 0000 0010 1011 1011 0111  
1011 1001 0011 0110 0011 0010 0001 0001 
0100 1000 0110 0101 0110 1100 0110 1100  
0110 1111 0010 0000 0010 1011 1011 0111  
1011 1001 0011 0110 0011 0010 0001 0001 
0100 1000 0110 0101 0110 1100 0110 1100  
0110 1111 0010 0000 0010 1011 1011 0111  
0100 1000 0110 0101 0110 1100 0110 1100 
0110 1111 0010 0000 0010 1011 1011 0111  
1011 1001 0011 0110 0011 0010 0001 0001 
0100 1000 0110 0101 0110 1100 0110 1100  
0110 1111 0010 0000 0010 1011 1011 0111  
1011 1001 0011 0110 0011 0010 0001 0001 
0100 1000 0110 0101 0110 1100 0110 1100  
0110 1111 0010 0000 0010 1011 1011 0111  
0100 1000 0110 0101 0110 1100 0110 1100 
0110 1111 0010 0000 0010 1011 1011 0111  
1011 1001 0011 0110 0011 0010 0001 0001 
0100 1000 0110 0101 0110 1100 0110 1100  
0110 1111 0010 0000 0010 1011 1011 0111  
1011 1001 0011 0110 0011 0010 0001 0001 
0100 1000 0110 0101 0110 1100 0110 1100  
0110 1111 0010 0000 0010 1011 1011 0111  
0100 1000 0110 0101 0110 1100 0110 1100 
0110 1111 0010 0000 0010 1011 1011 0111  
1011 1001 0011 0110 0011 0010 0001 0001 
0100 1000 0110 0101 0110 1100 0110 1100  
0110 1111 0010 0000 0010 1011 1011 0111  
1011 1001 0011 0110 0011 0010 0001 0001 
0100 1000 0110 0101 0110 1100 0110 1100  
0110 1111 0010 0000 0010 1011 1011 0111  
0100 1000 0110 0101 0110 1100 0110 1100 
0110 1111 0010 0000 0010 1011 1011 0111  
1011 1001 0011 0110 0011 0010 0001 0001 
0100 1000 0110 0101 0110 1100 0110 1100  
0110 1111 0010 0000 0010 1011 1011 0111  
1011 1001 0011 0110 0011 0010 0001 0001 
0100 1000 0110 0101 0110 1100 0110 1100  
0110 1111 0010 0000 0010 1011 1011 0111  
0100 1000 0110 0101 0110 1100 0110 1100 
0110 1111 0010 0000 0010 1011 1011 0111  
1011 1001 0011 0110 0011 0010 0001 0001 
0100 1000 0110 0101 0110 1100 0110 1100  
0110 1111 0010 0000 0010 1011 1011 0111  
1011 1001 0011 0110 0011 0010 0001 0001 
0100 1000 0110 0101 0110 1100 0110 1100  
0110 1111 0010 0000 0010 1011 1011 0111  
0100 1000 0110 0101 0110 1100 0110 1100 
0110 1111 0010 0000 0010 1011 1011 0111  
1011 1001 0011 0110 0011 0010 0001 0001 
0100 1000 0110 0101 0110 1100 0110 1100  
0110 1111 0010 0000 0010 1011 1011 0111  
1011 1001 0011 0110 0011 0010 0001 0001 
0100 1000 0110 0101 0110 1100 0110 1100  
0110 1111 0010 0000 0010 1011 1011 0111  
0100 1000 0110 0101 0110 1100 0110 1100 
0110 1111 0010 0000 0010 1011 1011 0111  
1011 1001 0011 0110 0011 0010 0001 0001 
0100 1000 0110 0101 0110 1100 0110 1100  
0110 1111 0010 0000 0010 1011 1011 0111  
1011 1001 0011 0110 0011 0010 0001 0001 
0100 1000 0110 0101 0110 1100 0110 1100 
0110 1111 0010 0000 0010 1011 1011 0111 